center ID: 271
4 9 14 19 36 39 61 64 73 77 91 103 127 153 156 205 224 238 240 248 260 271 278 281 289 302 324 328 334 343 344 348 362 364 370 384 389 449 456 474 482 487 494 498 
center ID: 100
10 41 46 52 75 100 131 155 159 165 187 193 199 200 222 237 262 263 267 290 291 305 314 316 333 339 349 352 357 366 368 373 381 388 395 407 429 437 450 460 481 485 497 
center ID: 372
7 15 20 37 43 49 58 68 80 95 107 111 115 117 121 128 149 152 176 181 203 218 219 261 270 272 299 301 311 363 371 372 378 379 398 405 409 411 447 452 455 489 499 
center ID: 102
1 3 27 28 63 102 104 113 133 141 151 161 164 184 198 206 210 223 229 242 243 296 304 319 329 331 338 353 360 387 396 401 402 414 439 454 458 477 491 496 
center ID: 60
22 34 35 38 47 48 51 60 87 88 98 114 122 144 150 174 178 192 197 213 245 266 277 284 285 335 361 365 374 377 380 383 399 403 420 431 453 463 479 490 
center ID: 341
6 18 21 50 62 69 71 79 82 83 110 120 132 135 163 166 175 188 190 195 209 215 220 227 234 265 269 280 294 306 313 322 327 330 341 354 359 390 410 442 451 457 
center ID: 157
0 25 30 72 86 89 93 99 101 112 123 126 134 137 138 143 154 157 168 177 179 207 231 235 257 279 283 292 293 295 298 309 321 325 336 345 394 397 445 473 486 
center ID: 13
13 40 45 55 56 57 66 84 125 129 136 140 142 148 158 160 185 191 196 204 211 221 236 249 250 268 300 308 323 332 337 342 350 375 385 413 428 430 438 446 461 468 469 
center ID: 228
2 8 42 53 54 59 67 76 85 90 116 167 180 201 214 217 228 239 241 244 255 256 274 282 288 315 346 347 351 358 392 393 415 416 419 425 436 443 465 476 480 492 495 
center ID: 96
11 12 78 92 96 105 119 139 182 183 186 189 216 232 246 251 252 254 258 259 264 297 303 318 326 340 369 382 386 404 417 421 433 434 435 466 470 471 472 483 
center ID: 26
5 17 23 24 26 29 33 65 70 74 94 109 124 145 162 169 170 172 202 212 225 226 273 287 317 320 355 367 391 408 412 424 426 427 440 441 444 448 459 467 488 
center ID: 307
16 31 32 44 81 97 106 108 118 130 146 147 171 173 194 208 230 233 247 253 275 276 286 307 310 312 356 376 400 406 418 422 423 432 462 464 475 478 484 493
