center ID: 100
6 22 27 38 40 43 47 49 56 90 91 100 108 121 145 151 170 182 189 
center ID: 193
37 59 67 71 84 93 105 107 110 123 126 132 134 149 167 175 193 195 
center ID: 146
0 3 10 12 23 31 48 51 55 103 106 125 138 146 179 181 191 
center ID: 18
16 18 30 63 70 79 80 85 109 122 124 133 136 155 156 163 165 173 174 
center ID: 98
1 4 8 19 35 44 45 58 76 92 98 111 131 160 171 183 188 
center ID: 199
5 7 24 39 53 64 66 81 82 87 96 137 144 148 154 157 197 199 
center ID: 113
54 60 75 78 86 89 113 117 119 120 127 142 152 166 172 177 185 186 
center ID: 159
20 21 25 32 46 50 95 97 112 135 147 150 159 164 168 176 178 180 190 
center ID: 62
2 9 13 26 28 34 42 62 69 101 115 130 139 140 143 153 169 192 
center ID: 129
14 29 57 68 73 74 77 83 88 99 114 118 128 129 141 161 162 184 196 
center ID: 33
11 15 17 33 36 41 52 61 65 72 94 102 104 116 158 187 194 198 
