center ID: 20
4 8 12 20 43 46 54 61 64 69 74 75 78 89 106 116 119 
center ID: 80
5 13 26 28 38 67 70 73 76 80 83 85 86 96 99 105 117 
center ID: 29
18 29 30 49 56 57 62 66 68 71 84 87 91 95 98 102 110 
center ID: 14
9 14 17 19 24 25 31 33 36 37 42 60 79 94 101 109 112 114 
center ID: 44
0 1 3 6 7 22 27 32 41 44 48 50 65 90 104 115 118 
center ID: 47
10 11 15 16 21 45 47 51 72 77 92 93 100 103 107 111 113 
center ID: 52
2 23 34 35 39 40 52 53 55 58 59 63 81 82 88 97 108 
best objective: 8039.06
程序运行时间为：0.337s
