center ID: 28
13 15 25 28 32 38 39 62 65 80 87 90 91 98 107 113 115 
center ID: 2
1 2 3 27 29 30 40 41 44 63 77 78 82 94 105 110 114 
center ID: 108
0 7 10 31 51 52 59 60 71 73 75 88 99 103 106 108 119 
center ID: 81
8 12 17 18 20 45 50 53 56 67 81 93 96 101 104 111 116 
center ID: 68
5 9 24 26 35 37 43 48 54 57 66 68 70 72 83 89 100 
center ID: 64
4 14 22 33 34 42 46 61 64 74 76 79 85 86 97 117 118 
center ID: 21
6 11 16 19 21 23 36 47 49 55 58 69 84 92 95 102 109 112 
best objective: 8806.98
程序运行时间为：0.22s
