center ID: 11
0 1 2 3 6 10 11 15 17 32 57 70 79 81 83 95 117 
center ID: 36
12 36 37 39 41 49 50 51 53 55 58 66 68 84 88 92 102 
center ID: 48
7 16 21 22 40 42 48 54 76 82 86 89 101 105 110 112 119 
center ID: 23
13 14 23 29 30 33 46 47 64 69 93 98 99 104 107 109 115 
center ID: 91
8 19 24 34 52 59 61 67 73 75 85 91 96 106 113 116 118 
center ID: 94
4 25 28 31 35 43 45 60 62 71 72 74 80 87 90 94 100 111 
center ID: 44
5 9 18 20 26 27 38 44 56 63 65 77 78 97 103 108 114 
best objective: 9622.55
程序运行时间为：0.564s
