center ID: 113
3 5 8 9 20 23 33 43 46 63 72 73 75 93 104 106 113 
center ID: 0
0 35 36 49 50 69 74 78 84 85 90 95 108 111 115 117 119 
center ID: 97
10 14 16 24 28 34 38 59 70 80 81 88 97 99 102 107 110 
center ID: 100
1 2 4 13 15 32 37 40 52 66 68 71 82 89 91 100 109 
center ID: 118
6 11 12 21 27 29 45 48 53 55 56 60 64 77 94 96 118 
center ID: 51
19 26 47 51 57 58 62 65 67 83 87 92 98 101 103 105 114 
center ID: 116
7 17 18 22 25 30 31 39 41 42 44 54 61 76 79 86 112 116 
best objective: 8646.39
程序运行时间为：0.297s
