center ID: 108
4 7 8 14 34 38 45 48 66 68 79 98 104 108 110 117 119 
center ID: 6
3 6 15 18 22 26 30 32 33 44 52 55 58 65 86 92 102 
center ID: 70
0 10 12 16 39 49 59 62 63 69 70 75 83 99 100 114 116 
center ID: 81
9 19 43 46 54 60 64 73 77 81 82 87 91 97 109 112 115 
center ID: 57
1 2 5 11 13 21 23 25 40 41 51 57 67 80 84 105 111 
center ID: 72
17 20 28 35 37 47 56 61 71 72 76 89 93 94 95 101 107 113 
center ID: 50
24 27 29 31 36 42 50 53 74 78 85 88 90 96 103 106 118 
best objective: 8594.47
程序运行时间为：1.141s
