center ID: 1
1 2 23 25 27 33 35 42 43 57 62 77 89 93 106 107 108 115 
center ID: 22
11 13 16 22 36 47 48 50 52 60 72 79 80 85 95 110 116 
center ID: 86
7 15 28 30 44 45 53 59 63 71 76 86 90 96 97 100 113 
center ID: 114
3 4 17 32 37 39 40 41 49 56 61 65 74 75 84 111 114 
center ID: 92
0 5 12 19 26 51 64 66 67 73 81 91 92 94 99 104 119 
center ID: 83
6 8 10 14 18 21 29 31 34 46 55 70 78 82 83 102 117 
center ID: 69
9 20 24 38 54 58 68 69 87 88 98 101 103 105 109 112 118 
best objective: 8393.32
程序运行时间为：0.141s
