center ID: 19
6 7 12 15 19 20 26 46 49 56 65 69 74 91 96 99 114 
center ID: 45
0 1 2 8 17 37 45 52 54 57 58 86 93 101 103 105 109 
center ID: 36
3 16 22 33 34 36 38 40 68 72 76 77 80 90 95 98 110 116 
center ID: 107
30 41 42 48 64 70 71 73 82 85 87 94 102 106 107 108 115 
center ID: 75
10 11 21 23 32 39 43 53 60 61 75 78 81 100 112 113 117 
center ID: 111
4 13 14 27 29 31 44 50 51 55 62 63 83 92 97 111 118 
center ID: 28
5 9 18 24 25 28 35 47 59 66 67 79 84 88 89 104 119 
best objective: 8373.85
程序运行时间为：0.305s
