center ID: 118
4 8 28 34 38 48 63 64 66 71 76 77 99 102 109 117 118 
center ID: 98
6 16 18 22 23 30 35 36 56 74 85 87 91 92 95 97 98 
center ID: 90
3 10 21 32 45 47 53 55 62 67 83 86 90 96 107 108 114 119 
center ID: 60
2 7 12 13 25 29 37 43 59 60 65 69 82 88 100 112 115 
center ID: 9
9 14 39 41 42 50 51 54 70 75 79 81 84 94 104 105 113 
center ID: 58
0 1 11 19 33 52 58 72 73 78 80 89 101 103 106 111 116 
center ID: 40
5 15 17 20 24 26 27 31 40 44 46 49 57 61 68 93 110 
best objective: 9325.57
程序运行时间为：0.289s
