center ID: 76
1 16 46 60 68 70 74 76 78 84 85 89 94 98 99 100 103 
center ID: 10
6 10 14 15 18 22 25 31 37 44 45 53 104 105 107 110 111 
center ID: 91
7 11 28 32 40 49 58 59 64 66 81 87 91 92 95 112 113 
center ID: 3
2 3 5 9 20 41 62 65 67 72 77 79 93 106 108 114 118 119 
center ID: 116
0 4 23 26 33 42 48 50 69 71 80 82 90 96 101 115 116 
center ID: 55
8 12 13 17 19 21 24 35 36 39 51 54 55 75 86 109 117 
center ID: 52
27 29 30 34 38 43 47 52 56 57 61 63 73 83 88 97 102 
best objective: 8540.68
程序运行时间为：0.434s
