center ID: 64
15 17 22 24 38 40 41 64 65 67 73 76 87 88 101 113 114 
center ID: 35
8 9 28 30 33 35 45 46 47 51 53 70 102 103 107 112 116 
center ID: 37
1 4 10 12 16 21 23 26 37 59 71 77 91 92 99 105 111 
center ID: 69
5 6 13 36 42 49 63 66 68 69 72 85 96 98 104 117 119 
center ID: 110
2 3 11 14 20 34 43 54 56 57 62 78 80 83 90 93 94 110 
center ID: 106
0 7 25 29 31 32 52 55 60 74 82 84 97 106 108 109 115 
center ID: 48
18 19 27 39 44 48 50 58 61 75 79 81 86 89 95 100 118 
best objective: 8924.94
程序运行时间为：0.389s
