center ID: 65
10 19 24 29 30 31 35 37 45 58 65 67 70 82 89 103 113 
center ID: 13
13 20 28 38 52 53 59 63 68 73 75 83 93 99 105 111 119 
center ID: 49
18 21 22 27 32 33 39 42 49 50 60 74 76 86 106 107 110 
center ID: 51
0 4 15 23 26 41 44 48 51 56 66 71 77 85 98 112 118 
center ID: 61
1 3 5 8 12 17 25 43 46 61 64 79 80 87 94 96 97 100 
center ID: 2
2 6 7 16 34 36 55 57 72 78 81 90 91 92 101 109 116 
center ID: 108
9 11 14 40 47 54 62 69 84 88 95 102 104 108 114 115 117 
best objective: 7819.53
程序运行时间为：0.461s
