center ID: 21
5 9 10 21 25 28 42 47 59 61 71 75 79 81 84 93 100 
center ID: 33
14 22 33 38 40 43 44 51 53 63 68 78 92 95 113 116 118 
center ID: 19
6 7 12 15 19 20 26 46 49 56 65 66 91 96 99 104 119 
center ID: 0
0 1 2 17 37 41 45 48 52 54 57 64 86 101 103 105 109 
center ID: 87
18 24 30 35 67 70 73 82 85 87 88 89 94 102 106 107 108 115 
center ID: 72
3 8 11 16 32 34 36 58 60 72 76 77 80 90 98 110 112 
center ID: 13
4 13 23 27 29 31 39 50 55 62 69 74 83 97 111 114 117 
best objective: 9063.97
程序运行时间为：0.335s
