center ID: 106
2 3 5 9 32 33 40 46 66 72 75 82 93 104 106 109 113 
center ID: 38
10 14 16 24 28 31 38 59 70 80 81 88 97 99 102 107 110 
center ID: 36
0 27 34 35 36 50 69 74 78 84 85 90 95 108 111 117 119 
center ID: 87
18 30 42 47 51 54 58 61 65 67 76 79 83 87 101 105 114 
center ID: 6
6 7 8 12 29 39 41 44 48 53 55 56 60 64 77 86 118 
center ID: 89
1 4 11 13 15 37 45 49 52 68 71 89 91 94 96 100 115 
center ID: 98
17 19 20 21 22 23 25 26 43 57 62 63 73 92 98 103 112 116 
best objective: 9602.17
程序运行时间为：0.293s
