center ID: 7
7 14 22 26 32 45 50 59 74 75 78 85 87 102 103 109 115 
center ID: 1
1 11 27 30 34 39 42 49 51 55 57 65 66 68 71 72 113 
center ID: 40
3 4 5 8 15 19 20 23 40 41 48 58 88 95 100 106 116 
center ID: 81
10 29 31 43 54 61 62 64 76 79 81 86 93 97 107 112 119 
center ID: 80
2 6 9 16 36 38 63 67 69 80 89 90 91 94 108 110 118 
center ID: 60
13 17 18 24 25 28 33 44 60 77 83 84 92 99 101 104 105 
center ID: 52
0 12 21 35 37 46 47 52 53 56 70 73 82 96 98 111 114 117 
best objective: 8627.43
程序运行时间为：0.19s
