center ID: 41
0 4 15 23 24 26 41 45 48 51 56 66 70 71 77 112 118 
center ID: 49
18 21 27 32 33 39 40 42 49 50 54 60 76 86 106 110 115 117 
center ID: 95
9 11 14 47 53 62 68 69 83 88 93 95 102 104 105 108 114 
center ID: 64
1 3 8 12 22 25 46 61 64 74 79 87 94 96 97 100 107 
center ID: 2
2 6 7 16 34 36 55 57 72 78 81 84 90 91 92 113 116 
center ID: 73
13 20 28 38 44 52 59 63 73 75 85 98 99 101 109 111 119 
center ID: 89
5 10 17 19 29 30 31 35 37 43 58 65 67 80 82 89 103 
best objective: 7591.03
程序运行时间为：0.272s
