center ID: 97
10 29 31 43 54 64 67 69 76 80 81 90 91 97 107 110 118 
center ID: 19
5 8 9 15 19 27 30 40 41 42 48 49 88 95 100 106 116 
center ID: 75
7 14 17 22 26 28 32 50 59 74 75 78 83 85 87 103 105 109 
center ID: 71
1 2 11 34 36 39 51 55 57 63 65 66 68 71 72 94 113 
center ID: 93
6 16 21 33 38 45 62 70 79 86 89 93 102 108 112 115 119 
center ID: 52
0 12 35 37 46 47 52 53 56 61 73 82 96 98 111 114 117 
center ID: 77
3 4 13 18 20 23 24 25 44 58 60 77 84 92 99 101 104 
best objective: 8562.12
程序运行时间为：0.598s
