center ID: 105
3 14 22 26 29 42 56 57 72 77 78 81 97 105 108 117 119 
center ID: 49
8 19 20 33 47 48 49 50 51 55 59 61 71 92 94 95 98 
center ID: 87
0 5 13 15 23 24 43 52 54 62 64 66 67 69 87 100 101 
center ID: 39
7 9 18 21 28 38 39 40 41 58 65 68 86 88 93 109 110 
center ID: 76
10 11 12 16 27 30 32 34 37 45 46 53 75 76 83 84 113 
center ID: 102
2 4 31 35 36 60 63 74 85 90 91 96 99 102 107 114 115 116 
center ID: 106
1 6 17 25 44 70 73 79 80 82 89 103 104 106 111 112 118 
best objective: 8326.78
程序运行时间为：0.475s
