center ID: 24
24 27 29 31 36 38 42 50 74 78 79 88 90 96 103 110 118 
center ID: 6
3 6 15 18 22 26 30 32 33 44 52 55 58 65 86 92 102 
center ID: 70
0 10 12 16 39 49 53 59 63 70 75 83 99 100 106 114 116 
center ID: 81
9 19 43 46 54 60 64 73 77 81 82 87 91 95 97 109 112 
center ID: 57
1 2 5 11 13 25 40 41 51 57 62 67 69 80 84 105 111 
center ID: 72
17 20 28 35 37 47 56 61 71 72 76 89 93 94 101 107 113 
center ID: 8
4 7 8 14 21 23 34 45 48 66 68 85 98 104 108 115 117 119 
best objective: 8529.04
程序运行时间为：0.921s
