center ID: 98
0 6 13 14 23 33 47 57 69 93 95 98 99 104 107 108 109 
center ID: 119
7 22 40 42 48 54 66 68 76 82 85 86 101 105 110 116 119 
center ID: 39
9 20 27 36 37 38 39 49 50 51 58 65 88 92 102 103 114 
center ID: 1
1 3 4 10 11 15 17 28 32 35 60 70 71 81 83 87 117 
center ID: 91
8 12 19 24 34 41 52 53 55 61 67 73 75 84 91 106 113 118 
center ID: 56
5 18 26 29 30 44 46 56 59 63 64 77 78 79 96 97 115 
center ID: 74
2 16 21 25 31 43 45 62 72 74 80 89 90 94 100 111 112 
best objective: 8731.01
程序运行时间为：0.316s
