center ID: 107
2 6 10 14 15 18 23 31 37 44 45 53 80 82 107 110 111 
center ID: 12
1 8 12 17 21 24 39 46 51 54 55 60 70 75 86 100 117 
center ID: 3
0 3 5 9 20 41 62 67 72 77 79 93 103 106 108 114 118 119 
center ID: 49
4 7 11 27 47 49 57 66 71 73 87 90 92 95 112 113 115 
center ID: 68
26 33 42 48 50 65 68 69 74 76 85 89 94 96 99 101 116 
center ID: 59
13 16 19 28 32 35 36 40 58 59 64 78 81 84 91 98 109 
center ID: 29
22 25 29 30 34 38 43 52 56 61 63 83 88 97 102 104 105 
best objective: 8464.16
程序运行时间为：0.506s
