center ID: 72
4 11 22 23 31 42 65 72 74 75 86 96 107 111 113 118 144 148 
center ID: 87
5 16 17 30 32 38 51 57 58 61 64 70 87 92 100 114 115 127 146 
center ID: 125
2 3 7 12 19 37 39 44 53 77 97 108 116 120 125 139 141 142 147 
center ID: 82
8 20 24 41 47 49 76 80 82 88 94 106 109 110 124 133 136 143 
center ID: 33
10 27 28 33 34 35 36 46 62 66 73 84 90 93 105 117 129 131 140 
center ID: 121
0 6 13 15 18 21 26 29 50 52 54 67 71 85 91 112 121 126 137 
center ID: 1
1 9 40 60 63 69 78 81 83 89 95 99 101 103 104 119 122 128 130 
center ID: 14
14 25 43 45 48 55 56 59 68 79 98 102 123 132 134 135 138 145 149 
best objective: 9900.46
程序运行时间为：0.199s
