center ID: 35
2 20 27 33 35 42 59 61 69 70 75 79 85 86 87 95 103 135 140 
center ID: 17
3 13 15 17 22 45 55 67 72 98 101 105 107 111 113 137 143 145 
center ID: 7
1 7 12 18 24 47 48 53 63 64 89 90 94 110 112 123 127 131 148 
center ID: 36
4 6 9 10 23 25 36 39 51 62 65 119 120 121 122 128 136 139 149 
center ID: 93
0 32 37 44 46 49 52 68 77 80 83 91 92 93 99 104 126 130 134 
center ID: 30
5 8 14 21 30 38 66 74 81 82 88 102 114 115 124 132 141 146 147 
center ID: 57
16 19 31 41 43 57 60 71 76 78 96 97 100 108 109 118 125 133 144 
center ID: 58
11 26 28 29 34 40 50 54 56 58 73 84 106 116 117 129 138 142 
best objective: 9039.06
程序运行时间为：0.573s
