center ID: 129
2 9 14 19 22 34 54 56 61 68 80 81 88 90 117 125 128 129 143 
center ID: 70
7 26 38 40 42 43 47 69 70 76 79 96 103 105 107 119 127 139 147 
center ID: 144
3 4 12 18 20 24 31 51 52 60 91 95 100 109 110 118 135 141 144 
center ID: 23
21 23 25 27 44 45 55 63 78 82 97 101 106 108 113 121 122 140 
center ID: 148
1 10 11 29 37 39 41 49 58 59 67 84 86 87 131 132 136 148 
center ID: 98
0 5 13 36 46 48 53 64 74 75 83 85 98 111 115 120 134 145 149 
center ID: 30
6 16 17 28 30 32 35 50 62 71 99 112 114 123 124 130 138 142 146 
center ID: 94
8 15 33 57 65 66 72 73 77 89 92 93 94 102 104 116 126 133 137 
best objective: 9829.03
程序运行时间为：0.419s
