center ID: 70
5 11 13 45 59 60 61 70 73 83 85 87 89 95 97 116 132 133 136 
center ID: 32
6 14 21 32 49 53 68 80 90 91 104 105 106 108 110 113 117 149 
center ID: 33
8 17 20 27 33 51 52 86 98 99 103 112 114 120 123 124 134 137 141 
center ID: 74
2 3 19 24 25 31 38 41 44 74 75 101 115 119 126 130 131 144 
center ID: 127
0 4 10 12 34 42 46 62 65 82 94 109 111 118 125 127 135 139 146 
center ID: 128
16 23 30 36 40 48 50 57 58 71 77 79 81 88 96 102 128 140 148 
center ID: 76
28 35 37 39 43 47 56 64 66 67 72 76 92 93 100 107 143 145 147 
center ID: 138
1 7 9 15 18 22 26 29 54 55 63 69 78 84 121 122 129 138 142 
best objective: 9137.04
程序运行时间为：0.154s
