center ID: 103
6 7 8 11 19 27 38 39 41 68 72 73 79 96 103 113 135 139 
center ID: 147
2 9 12 14 16 21 25 59 60 64 75 84 88 122 123 134 144 147 149 
center ID: 138
4 13 18 22 34 35 43 44 48 52 65 86 94 99 105 119 120 138 143 
center ID: 42
3 15 26 29 37 42 47 49 63 69 74 80 91 101 112 121 125 132 140 
center ID: 136
5 31 36 55 58 71 85 89 98 102 104 124 127 131 136 137 145 146 148 
center ID: 118
1 24 32 45 53 62 76 78 87 90 93 97 109 111 116 117 118 141 142 
center ID: 82
0 17 20 23 28 40 56 61 67 70 81 82 107 108 110 126 128 130 
center ID: 95
10 30 33 46 50 51 54 57 66 77 83 92 95 100 106 114 115 129 133 
best objective: 9468.92
程序运行时间为：0.455s
