center ID: 59
1 12 24 29 32 36 52 59 72 84 86 89 99 103 108 120 130 134 149 
center ID: 113
2 5 26 33 50 66 68 79 82 104 110 113 114 116 119 123 135 136 147 
center ID: 63
6 11 34 35 37 42 44 48 51 54 63 65 73 88 93 96 127 128 141 
center ID: 8
8 14 16 18 23 38 43 46 60 75 80 92 98 111 112 125 144 146 
center ID: 71
0 3 7 13 20 27 40 41 45 57 58 62 67 71 85 94 95 117 126 
center ID: 39
4 17 28 39 47 49 74 76 77 78 81 87 90 91 121 131 137 138 140 
center ID: 145
21 22 25 31 53 64 69 70 97 100 102 106 109 115 122 129 139 143 145 
center ID: 9
9 10 15 19 30 55 56 61 83 101 105 107 118 124 132 133 142 148 
best objective: 9321.27
程序运行时间为：0.21s
