center ID: 54
4 15 22 50 51 54 63 97 98 106 107 116 118 123 126 128 130 139 144 
center ID: 91
6 18 24 45 49 61 65 70 74 88 91 93 100 102 110 111 124 131 
center ID: 25
14 20 25 26 30 36 41 47 52 57 66 67 80 85 105 121 129 133 149 
center ID: 75
11 12 19 21 37 43 48 55 59 60 75 77 83 104 115 117 136 145 147 
center ID: 35
1 13 16 35 38 42 64 72 89 92 109 112 120 122 125 132 138 143 146 
center ID: 142
3 5 8 28 29 31 34 53 62 69 71 73 79 81 82 95 103 137 142 
center ID: 135
0 7 9 23 27 32 39 44 46 76 84 87 90 96 101 127 135 140 
center ID: 141
2 10 17 33 40 56 58 68 78 86 94 99 108 113 114 119 134 141 148 
best objective: 9831.76
程序运行时间为：0.235s
