center ID: 71
3 10 16 29 34 38 49 57 62 63 66 71 77 78 82 95 126 127 130 
center ID: 13
5 9 13 14 20 35 41 43 56 75 80 83 87 88 109 114 132 149 
center ID: 55
12 30 32 39 42 45 54 55 72 85 91 94 102 107 111 128 131 135 141 
center ID: 74
6 8 15 21 25 28 33 36 37 67 74 96 98 110 112 139 140 144 148 
center ID: 147
1 51 59 60 68 76 81 103 104 105 106 108 113 123 124 125 134 142 147 
center ID: 7
4 7 17 22 23 24 27 46 53 73 79 89 93 99 118 133 143 145 
center ID: 120
0 18 26 44 47 48 50 58 61 65 84 90 97 115 116 119 120 129 138 
center ID: 40
2 11 19 31 40 52 64 69 70 86 92 100 101 117 121 122 136 137 146 
best objective: 10005.34
程序运行时间为：0.31s
