center ID: 59
15 17 21 27 29 30 33 41 59 85 92 95 102 108 117 120 139 144 149 
center ID: 22
2 8 12 13 20 22 31 34 50 70 73 79 89 96 105 113 126 127 129 
center ID: 26
16 26 28 43 47 56 57 74 75 76 97 100 109 111 119 121 123 124 131 
center ID: 87
0 3 11 18 19 35 46 53 54 62 71 83 87 104 115 118 134 135 140 
center ID: 37
6 7 9 24 32 37 42 49 55 64 69 72 98 99 125 128 130 142 148 
center ID: 65
5 14 45 52 58 65 66 78 86 88 103 106 116 132 141 143 145 146 
center ID: 44
10 36 40 44 48 51 60 61 63 80 84 91 93 94 110 112 122 137 147 
center ID: 1
1 4 23 25 38 39 67 68 77 81 82 90 101 107 114 133 136 138 
best objective: 9780.90
程序运行时间为：0.351s
