center ID: 113
18 50 54 72 82 85 95 99 102 106 108 113 118 121 131 132 133 135 146 
center ID: 110
6 33 35 37 42 43 47 52 53 56 57 58 66 74 94 101 110 115 126 
center ID: 75
1 2 3 19 21 22 26 34 40 71 73 75 77 86 88 104 134 140 145 
center ID: 7
7 15 20 30 39 49 70 90 100 111 114 120 122 124 136 137 138 141 
center ID: 65
14 17 25 28 36 41 45 46 59 62 64 65 68 89 103 105 107 117 130 
center ID: 69
4 9 13 23 29 31 38 44 69 76 78 83 84 93 97 98 109 125 127 
center ID: 144
5 12 32 48 51 55 60 61 67 79 81 87 92 116 129 139 144 147 149 
center ID: 8
0 8 10 11 16 24 27 63 80 91 96 112 119 123 128 142 143 148 
best objective: 9768.05
程序运行时间为：0.205s
