center ID: 108
0 1 12 19 67 72 73 80 87 108 122 123 142 152 154 165 170 172 181 
center ID: 37
7 13 31 34 37 45 52 56 59 68 70 75 84 114 146 149 187 191 194 
center ID: 168
33 63 77 83 92 106 109 125 138 156 157 160 161 168 169 174 196 198 
center ID: 5
5 6 14 18 40 57 65 89 99 100 102 127 128 131 140 143 163 189 
center ID: 135
11 15 26 29 43 55 78 90 103 111 130 134 135 151 159 175 178 
center ID: 86
9 22 35 42 58 85 86 101 107 110 118 119 137 145 173 179 190 197 
center ID: 69
20 25 49 62 69 76 79 91 93 95 96 104 112 121 180 186 193 195 199 
center ID: 61
3 16 17 23 27 48 60 61 81 82 105 113 116 141 150 153 171 182 
center ID: 132
4 10 24 28 38 39 41 46 47 97 98 117 132 139 147 176 184 192 
center ID: 188
21 30 36 44 54 66 71 115 129 136 144 148 158 164 166 167 183 188 
center ID: 185
2 8 32 50 51 53 64 74 88 94 120 124 126 133 155 162 177 185 
best objective: 11222.66
程序运行时间为：1.49s
