center ID: 33
8 22 23 31 33 42 48 87 92 98 102 112 113 131 157 172 174 196 
center ID: 59
13 21 27 28 32 46 50 51 59 69 82 123 141 154 155 162 179 197 
center ID: 142
9 14 16 24 34 43 52 72 83 91 105 115 135 142 146 168 175 184 186 
center ID: 109
18 45 58 60 65 68 71 85 88 109 111 120 139 140 149 166 190 194 
center ID: 164
2 20 30 37 39 41 56 73 81 101 114 119 161 164 173 188 191 195 
center ID: 11
1 7 11 26 47 55 57 62 66 80 99 143 144 147 150 159 185 199 
center ID: 63
0 4 10 15 25 36 40 63 77 94 110 118 122 151 163 176 180 189 
center ID: 182
3 49 53 61 75 78 103 106 121 124 127 130 132 134 137 153 169 178 182 
center ID: 181
17 29 44 70 76 84 89 104 125 129 145 152 167 177 181 183 187 198 
center ID: 156
5 6 19 35 38 64 79 93 97 107 108 126 136 138 156 158 192 193 
center ID: 117
12 54 67 74 86 90 95 96 100 116 117 128 133 148 160 165 170 171 
best objective: 11259.95
程序运行时间为：0.556s
