center ID: 108
6 38 40 49 56 87 90 91 100 108 121 144 145 151 157 160 170 189 
center ID: 193
14 37 59 67 71 84 105 107 110 118 123 126 128 132 134 149 167 175 193 
center ID: 146
0 3 10 12 31 41 48 51 102 103 106 116 125 138 146 179 181 191 
center ID: 156
18 70 79 80 85 109 122 124 133 136 155 156 163 164 165 168 173 174 
center ID: 86
53 57 73 74 75 77 86 113 114 129 137 142 152 161 162 166 172 184 196 
center ID: 5
5 7 23 24 39 55 64 65 66 81 82 96 104 148 154 194 197 199 
center ID: 98
1 4 8 19 22 27 35 44 45 58 76 92 98 111 131 171 183 188 
center ID: 2
2 16 28 30 42 54 63 69 78 89 93 119 120 127 169 177 186 195 
center ID: 52
11 15 17 29 33 36 52 61 68 72 83 88 94 99 141 158 187 198 
center ID: 26
9 13 26 34 43 47 60 62 101 115 117 130 139 140 143 153 185 192 
center ID: 159
20 21 25 32 46 50 95 97 112 135 147 150 159 176 178 180 182 190 
best objective: 11305.17
程序运行时间为：0.778s
