center ID: 121
29 38 48 54 59 71 72 82 83 86 103 121 128 132 135 151 155 160 169 
center ID: 197
2 33 43 46 51 53 61 74 85 124 125 127 145 156 184 193 197 
center ID: 42
14 20 25 34 42 44 55 70 92 95 106 109 114 126 163 175 190 
center ID: 162
10 15 17 26 27 35 47 50 57 65 77 78 91 108 123 129 162 166 
center ID: 79
9 11 22 32 39 41 45 69 76 79 88 99 112 116 117 138 149 173 
center ID: 49
7 23 40 49 52 68 75 101 110 122 134 141 146 161 170 172 174 177 187 
center ID: 30
8 21 28 30 37 84 90 96 150 153 158 171 176 179 189 192 194 196 
center ID: 119
6 36 60 81 98 104 119 120 130 133 136 137 143 144 147 185 188 191 195 
center ID: 148
0 1 31 63 64 67 80 87 89 93 102 111 115 131 148 154 159 183 
center ID: 157
3 4 12 19 24 62 66 73 94 100 105 113 142 157 164 165 167 181 199 
center ID: 139
5 13 16 18 56 58 97 107 118 139 140 152 168 178 180 182 186 198 
best objective: 10793.34
程序运行时间为：0.667s
