center ID: 82
4 21 29 39 68 70 82 93 94 118 122 164 176 180 183 191 195 198 
center ID: 190
22 23 33 34 44 51 71 96 98 102 105 106 138 146 157 163 175 188 190 
center ID: 110
1 3 9 14 25 40 41 43 54 58 76 110 119 127 154 168 171 172 
center ID: 84
12 16 28 31 74 75 78 84 95 109 125 129 134 142 143 151 189 194 
center ID: 85
26 53 56 81 83 85 103 104 115 116 139 141 162 166 181 192 196 197 
center ID: 137
18 55 59 64 87 88 89 91 113 114 130 137 140 150 158 169 174 187 
center ID: 15
5 15 20 27 62 67 80 86 92 101 107 120 121 131 156 165 186 193 199 
center ID: 145
10 13 19 37 38 45 73 90 97 111 128 132 145 152 167 173 177 178 
center ID: 159
0 2 6 17 35 42 48 49 52 63 72 100 123 149 153 159 170 185 
center ID: 7
7 8 11 32 36 66 77 79 112 117 126 136 147 148 155 160 179 182 
center ID: 161
24 30 46 47 50 57 60 61 65 69 99 108 124 133 135 144 161 184 
best objective: 11735.87
程序运行时间为：0.881s
