center ID: 163
3 14 18 21 25 32 37 38 44 46 49 73 163 179 181 189 192 194 
center ID: 187
1 10 56 67 84 104 115 120 122 130 135 141 170 173 187 188 193 196 
center ID: 137
6 8 33 64 95 108 111 116 121 134 136 137 146 157 167 169 178 180 199 
center ID: 91
17 23 26 27 30 31 74 79 91 105 109 119 131 139 143 154 186 190 
center ID: 96
15 50 54 63 82 92 96 97 99 101 110 129 138 144 148 150 166 175 184 
center ID: 98
0 4 16 47 52 87 93 98 103 107 114 124 128 133 158 176 182 183 
center ID: 165
19 24 34 36 45 58 65 75 94 106 113 127 152 162 165 177 195 197 
center ID: 140
7 13 22 29 41 55 77 85 89 90 100 118 132 140 168 171 191 
center ID: 9
5 9 11 12 59 62 68 71 76 86 147 149 155 156 161 172 174 185 
center ID: 145
2 20 28 35 43 48 53 61 69 70 72 88 102 123 145 151 159 164 
center ID: 126
39 40 42 51 57 60 66 78 80 81 83 112 117 125 126 142 153 160 198 
best objective: 10683.11
程序运行时间为：0.972s
