center ID: 176
1 4 6 40 58 62 65 105 113 119 125 144 150 174 176 178 180 193 
center ID: 56
2 15 18 50 51 56 70 72 73 80 86 93 94 117 134 153 169 170 189 
center ID: 8
7 8 12 30 35 36 67 71 88 95 98 126 131 137 161 171 181 183 
center ID: 61
9 33 37 44 46 61 66 68 75 76 77 89 133 142 148 152 173 182 
center ID: 13
13 21 31 52 59 60 85 97 107 114 115 116 121 132 136 163 164 199 
center ID: 14
14 20 23 24 26 28 49 57 99 101 108 123 141 145 147 185 191 194 
center ID: 103
11 17 22 55 63 103 106 109 112 118 128 138 149 154 158 159 165 188 
center ID: 196
0 16 38 39 41 53 54 79 104 129 135 155 160 175 190 192 196 198 
center ID: 34
19 25 29 32 34 64 69 78 81 84 90 92 100 124 139 143 157 168 
center ID: 179
3 5 10 27 42 43 47 91 96 102 110 111 130 151 156 162 177 179 184 
center ID: 87
45 48 74 82 83 87 120 122 127 140 146 166 167 172 186 187 195 197 
best objective: 11178.23
程序运行时间为：1.15s
