center ID: 155
12 27 30 44 57 60 74 91 99 106 123 126 141 148 155 158 163 184 190 
center ID: 3
2 3 6 24 26 34 37 45 75 88 102 107 136 139 144 173 175 185 
center ID: 103
8 14 25 43 47 64 79 81 96 103 104 111 121 132 147 154 177 181 
center ID: 188
1 10 16 21 31 35 39 82 85 93 97 98 113 156 169 188 189 
center ID: 130
11 28 52 53 65 77 87 94 109 116 130 143 150 157 160 170 186 187 194 
center ID: 110
4 38 49 54 69 72 78 108 110 112 114 117 131 145 164 183 193 198 
center ID: 50
0 15 36 42 46 50 51 84 89 125 127 137 153 161 168 174 182 192 
center ID: 29
5 17 29 32 48 56 71 73 83 95 105 120 128 135 138 146 165 178 197 
center ID: 86
13 19 22 33 40 61 62 66 80 86 92 101 115 122 124 133 166 176 
center ID: 67
9 20 23 59 67 68 76 100 118 119 142 152 159 162 171 172 195 196 199 
center ID: 18
7 18 41 55 58 63 70 90 129 134 140 149 151 167 179 180 191 
best objective: 11453.09
程序运行时间为：1.615s
