center ID: 158
1 18 43 68 71 76 88 91 100 111 117 153 158 159 162 167 183 198 
center ID: 63
15 30 45 63 64 73 77 84 94 106 112 125 140 152 156 160 178 184 195 
center ID: 27
21 27 32 35 39 52 53 56 67 96 123 124 131 142 155 179 182 191 
center ID: 57
4 5 6 8 9 22 38 40 44 51 57 87 92 114 118 144 164 166 171 
center ID: 26
14 26 46 49 69 80 82 86 89 113 127 134 136 147 173 177 194 197 
center ID: 48
16 28 42 48 65 81 85 98 101 120 122 132 133 141 168 176 180 187 
center ID: 7
7 17 25 33 37 50 60 72 75 95 128 129 130 139 161 163 188 190 
center ID: 110
10 11 12 23 29 31 41 47 58 79 90 105 110 126 172 181 189 193 
center ID: 70
34 66 70 74 93 97 99 102 103 109 138 145 146 149 175 185 186 192 
center ID: 20
20 24 36 59 61 62 107 115 116 119 121 135 137 143 150 157 174 196 
center ID: 148
0 2 3 13 19 54 55 78 83 104 108 148 151 154 165 169 170 199 
best objective: 11559.00
程序运行时间为：0.785s
