center ID: 116
5 6 36 42 44 47 49 55 81 99 103 104 113 116 118 120 163 196 
center ID: 131
8 15 27 66 69 75 77 102 131 134 137 150 158 179 189 193 197 199 
center ID: 128
30 48 63 64 71 85 108 121 124 126 128 148 152 160 167 173 178 198 
center ID: 145
7 13 22 34 40 60 79 84 95 98 114 132 140 144 145 146 172 185 
center ID: 181
1 23 53 58 61 78 90 96 122 123 133 141 151 170 171 181 183 184 186 
center ID: 21
14 21 38 41 45 57 65 73 80 97 107 135 147 159 162 164 168 175 
center ID: 2
2 3 10 11 19 26 29 35 43 50 51 54 62 67 70 92 149 165 188 
center ID: 136
0 16 31 32 39 72 74 88 110 127 136 143 155 166 174 176 180 182 
center ID: 187
17 33 37 46 52 59 100 106 109 129 139 156 157 161 169 187 191 195 
center ID: 94
4 18 24 25 28 56 82 83 86 91 94 111 119 130 138 142 153 190 
center ID: 125
9 12 20 68 76 87 89 93 101 105 112 115 117 125 154 177 192 194 
best objective: 11655.59
程序运行时间为：1.865s
