center ID: 150
15 22 24 39 42 43 47 58 60 72 78 81 97 110 116 121 125 126 136 150 171 173 179 181 189 195 206 207 228 242 245 269 
center ID: 172
10 20 23 25 29 50 64 71 77 80 92 115 120 122 128 138 139 145 146 149 157 158 172 188 193 208 211 212 214 216 221 253 
center ID: 32
5 7 16 18 31 32 36 55 69 73 85 87 93 100 114 117 123 124 152 155 156 167 191 204 222 226 238 250 274 279 
center ID: 162
9 46 51 57 62 79 88 102 112 132 142 143 144 148 162 166 168 174 187 190 192 194 197 203 209 223 230 235 257 259 275 
center ID: 229
0 1 4 11 14 17 19 33 35 53 54 59 75 90 95 99 104 109 113 147 153 165 196 210 215 220 225 229 241 243 271 273 
center ID: 103
3 6 8 37 52 74 84 86 96 103 105 111 133 159 164 175 177 180 218 219 224 233 236 252 258 260 263 264 266 270 
center ID: 26
21 26 38 40 41 45 48 63 66 89 91 98 119 127 129 131 137 178 183 184 186 198 205 213 234 247 256 262 265 267 276 
center ID: 118
13 28 44 49 56 61 65 70 82 83 94 106 107 108 118 130 134 135 140 141 151 154 161 170 182 185 202 237 249 251 254 268 
center ID: 217
2 12 27 30 34 67 68 76 101 160 163 169 176 199 200 201 217 227 231 232 239 240 244 246 248 255 261 272 277 278 
best objective: 17462.51
程序运行时间为：0.451s
