center ID: 486
11 25 30 72 93 99 101 112 119 123 126 134 137 138 139 143 154 157 177 179 207 231 232 235 283 292 293 295 298 309 318 321 325 336 345 394 397 421 433 434 445 470 486 
center ID: 100
10 41 46 75 100 131 155 159 165 187 193 199 200 222 237 262 263 267 282 290 291 314 316 333 339 347 349 357 366 368 373 381 388 395 407 429 437 450 460 481 485 497 
center ID: 97
1 3 44 63 97 106 108 113 133 141 146 151 171 173 194 206 208 223 229 233 247 275 276 286 296 304 307 310 329 338 356 400 406 414 418 432 458 462 478 493 
center ID: 341
6 15 18 20 21 50 62 69 71 79 82 110 120 132 163 166 175 188 190 209 220 225 227 234 265 269 280 299 306 313 322 327 330 341 359 363 390 442 451 457 
center ID: 335
47 48 51 60 87 96 98 105 114 150 174 178 186 189 192 197 246 251 258 264 266 277 284 285 297 303 326 335 365 369 374 380 382 386 399 404 417 420 431 466 471 472 483 
center ID: 249
13 45 55 56 57 66 84 125 129 136 140 142 148 158 160 185 191 204 211 221 236 245 249 250 268 300 308 323 332 337 342 350 375 377 385 413 428 430 435 446 461 468 479 
center ID: 271
4 9 14 19 36 39 61 64 73 77 91 103 127 153 156 205 224 238 240 248 260 271 278 281 289 302 324 328 334 343 344 348 362 364 370 384 389 449 456 474 482 487 494 498 
center ID: 167
2 8 16 31 32 54 59 67 76 81 90 116 118 130 147 167 180 201 228 230 241 244 253 255 312 315 346 351 376 415 416 419 422 423 425 436 443 464 475 476 484 492 
center ID: 441
5 12 17 23 24 37 78 83 92 94 109 124 135 145 169 172 182 183 195 202 215 216 226 252 254 259 273 294 340 354 361 367 371 391 409 410 427 440 441 448 488 
center ID: 74
26 29 33 34 42 52 53 65 70 74 85 144 162 170 212 214 217 239 256 274 287 288 305 317 320 352 355 358 392 393 408 412 424 426 444 459 465 467 480 495 
center ID: 164
22 27 28 35 38 40 88 102 104 122 161 164 184 196 198 210 213 242 243 319 331 353 360 383 387 396 401 402 403 438 439 453 454 463 469 477 490 491 496 
center ID: 489
0 7 43 49 58 68 80 86 89 95 107 111 115 117 121 128 149 152 168 176 181 203 218 219 257 261 270 272 279 301 311 372 378 379 398 405 411 447 452 455 473 489 499 
best objective: 26750.57
程序运行时间为：4.072s
